
 **** INPUT FILE VPSC.IN FOR THIS RUN ****
1                          number of elements (nelem)                           
2                          number of phases (nph)                               
0.825 0.175                   relative vol. fract. of phases (wph(i)) T1705     
*INFORMATION ABOUT PHASE #1                                                     
2   0   25                    grain shape contrl, fragmentn, crit aspect ratio  
1.0 1.0 1.0                 initial ellipsoid ratios (dummy if ishape=4)        
0.0 0.0 0.0                 init Eul ang ellips axes (dummy if ishape=3,4)      
* name and path of texture file (filetext)                                      
alphaTex.tex                                                                    
* name and path of single crystal file (filecrys)                               
IMSP6242.SX                                                                     
* name and path of grain shape file (dummy if ishape=0) (fileaxes)              
shape1.100                                                                      
*INFORMATION ABOUT PHASE #2                                                     
2    0    25                  grain shape contrl, fragmentn, crit aspect ratio  
1.0  1.0  1.0                 initial ellipsoid ratios (dummy if ishape=4)      
0.0  0.0  0.0                 init Eul ang ellips axes (dummy if ishape=3,4)    
* name and path of texture file (filetext)                                      
betaTEX.tex                                                                     
* name and path of single crystal file (filecrys)                               
IMSP6242B.SX                                                                    
* name and path of grain shape file (dummy if ishape=0) (fileaxes)              
shape1.100                                                                      
*PRECISION SETTINGS FOR CONVERGENCE PROCEDURES (default values)                 
0.001 0.001 0.001 0.001    errs,errd,errm,errso                                 
100 100 25               itmax:   max # of iter, external, internal and SO loops
0  2 10 2   irsvar & xrsini,xrsfin,xrstep (dummy if irsvar=0)                   
1              ibcinv (0: don't use <Bc>**-1, 1: use <Bc>**-1 in SC eq)         
*INPUT/OUTPUT SETTINGS FOR THE RUN (default is zero)                            
0              irecover:read grain states from POSTMORT.IN (1) or not (0)?      
0              isave:   write grain states in POSTMORT.OUT at step 'isave'?     
0              icubcomp:calculate fcc rolling components?                       
2              nwrite (frequency of texture downloads)                          
*MODELING CONDITIONS FOR THE RUN                                                
3              interaction (0:FC,1:affine,2:secant,3:neff=10,4:tangent,5:SO)    
1  1  1        iupdate: update orient, grain shape, hardening                   
0              nneigh (0 for no neighbors, 1 for pairs, etc.)                   
0              iflu (0: don't calc, 1: calc fluctuations)                       
*NUMBER OF PROCESSES (COMBINATION OF UNIFORM OR VARIABLE LOAD,PCYS,LANKFORD)    
3                                                                               
*IVGVAR AND PATH\NAME OF FILE OR STRESS SUBSPACE OR ANGULAR INCREMENT           
4		  ivgvar=4 runs a rigid rotation of the specimen                             
rotmatrix.txt                                                                   
0         ivgvar=0 will run a monotonic strain path                             
compres.3                                                                       
4		  ivgvar=4 runs a rigid rotation of the specimen                             
rotmatrixINV.txt                                                                

IPH=  0  FIJPH     1.0000   0.0000   0.0000   0.0000   1.0000   0.0000   0.0000   0.0000   1.0000
         EIGNVAL   1.0000   1.0000   1.0000
         EIGNVEC   1.0000  -0.0000   0.0000   0.0000  -0.0000   1.0000   0.0000  -1.0000   0.0000

 **** CRYSTAL DATA FILE ****
*Material: Ti-6242 alpha phase                                                  
HEXAGONAL                                crysym                                 
1.0  1.0  1.594     90.0  90.0  120.0    cdim(i),cang(i)                        
*Elastic stiffness of single crystal [MPa]                                      
  141.0e3    76.9e3    57.9e3     0.0     0.0     0.0                           
   76.9e3   141.0e3    57.9e3     0.0     0.0     0.0                           
   57.9e3    57.9e3   163.0e3     0.0     0.0     0.0                           
    0.0     0.0     0.0    48.7e3     0.0e3     0.0e3                           
    0.0     0.0     0.0     0.0e3    48.7e3     0.0e3                           
    0.0     0.0     0.0     0.0e3     0.0e3    32.05e3                          
*Thermal expansion coefficients of single crystal[K^(-1)]                       
  5.7e-6   5.7e-6  10.3e-6   0.0e0   0.0e0   0.0e0                              
SLIP AND TWINNING MODES                                                         
7                               nmodesx                                         
7                               nmodes                                          
1 2 3 4 5 6 7                    mode(i)                                        
PRISMATIC 3                                                                     
 1    1   1   0                       modex,nsmx,iopsysx,itwtypex               
 1  0 -1  0    -1  2 -1  0                                                      
PRISMATIC 1                                                                     
 2    1   1   0                       modex,nsmx,iopsysx,itwtypex               
 0 -1  1  0     2 -1 -1  0                                                      
PRISMATIC 2                                                                     
 3    1   1   0                       modex,nsmx,iopsysx,itwtypex               
 -1  1  0  0    -1 -1  2  0                                                     
BASAL 2                                                                         
 4    1   1   0                       modex,nsmx,iopsysx,itwtypex               
 0  0  0  1    -1 -1  2  0                                                      
BASAL  3                                                                        
  5    1   1   0                       modex,nsmx,iopsysx,itwtypex              
 0  0  0  1     -1  2 -1  0                                                     
BASAL  1                                                                        
  6    1   1   0                       modex,nsmx,iopsysx,itwtypex              
 0  0  0  1    2 -1 -1  0                                                       
 PYRAMIDAL<c+a>                                                                 
  7   12   1   0                    modex,nsmx,nrsx,isensex                     
   1  0 -1  1    2 -1 -1 -3                                                     
   1  0 -1  1    1  1 -2 -3                                                     
   0  1 -1  1    1  1 -2 -3                                                     
   0  1 -1  1   -1  2 -1 -3                                                     
  -1  1  0  1   -1  2 -1 -3                                                     
  -1  1  0  1   -2  1  1 -3                                                     
  -1  0  1  1   -2  1  1 -3                                                     
  -1  0  1  1   -1 -1  2 -3                                                     
   0 -1  1  1   -1 -1  2 -3                                                     
   0 -1  1  1    1 -2  1 -3                                                     
   1 -1  0  1   -1 -2  1 -3                                                     
   1 -1  0  1    2 -1 -1 -3                                                     
*CONSTITUTIVE LAW**********************                                         
0     IHARDLAW                                                                  
1     IRATESENS                                                                 
50    GRSZE (ONLY MATTERS IF HPFAC IS NONZERO)                                  
PRISMATIC SLIP*****************3                                                
5     NRSX                                                                      
81             0             0             0             0   tau0,tau1,theta0,th
0.0   0.0   0.0   0.0 0.0 0.0 0.0     	       hlatx(1,im,iph),im=1,nmodes       
PRISMATIC SLIP*****************1                                                
5     NRSX                                                                      
43             0             0             0             0   tau0,tau1,theta0,th
0.0   0.0   0.0   0.0 0.0 0.0 0.0        	       hlatx(1,im,iph),im=1,nmodes    
PRISMATIC/BASAL SLIP*****************2                                          
5     NRSX                                                                      
61             0             0             0             0   tau0,tau1,theta0,th
0.0   0.0   0.0   0.0 0.0 0.0 0.0        	       hlatx(1,im,iph),im=1,nmodes    
PRISMATIC/BASAL SLIP*****************2                                          
5     NRSX                                                                      
61             0             0             0             0   tau0,tau1,theta0,th
0.0   0.0   0.0   0.0 0.0 0.0 0.0        	       hlatx(1,im,iph),im=1,nmodes    
BASAL SLIP *****************************3                                       
5     NRSX                                                                      
54             0             0             0             0   tau0,tau1,theta0,th
0.0   0.0   0.0   0.0 0.0 0.0 0.0            	       hlatx(1,im,iph),im=1,nmodes
BASAL SLIP *****************************1                                       
5     NRSX                                                                      
73             0             0             0             0   tau0,tau1,theta0,th
0.0   0.0   0.0   0.0 0.0 0.0 0.0            	       hlatx(1,im,iph),im=1,nmodes
PYRAMIDAL <C+A> SLIP                                                            
5     NRSX                                                                      
119              0              0              0              0   tau0,tau1,thet
0.0   0.0   0.0   0.0 0.0 0.0 0.0          	       hlatx(1,im,iph),im=1,nmodes  
                                                                                
**** END OF CRYSTAL DATA FILE ****


  N & B FOR MODE  1 IN PHASE  1
     0.866     0.500     0.000       -0.500     0.866     0.000
  N & B FOR MODE  2 IN PHASE  1
     0.000    -1.000     0.000        1.000     0.000     0.000
  N & B FOR MODE  3 IN PHASE  1
    -0.866     0.500     0.000       -0.500    -0.866     0.000
  N & B FOR MODE  4 IN PHASE  1
     0.000     0.000     1.000       -0.500    -0.866     0.000
  N & B FOR MODE  5 IN PHASE  1
     0.000     0.000     1.000       -0.500     0.866     0.000
  N & B FOR MODE  6 IN PHASE  1
     0.000     0.000     1.000        1.000     0.000     0.000
  N & B FOR MODE  7 IN PHASE  1
     0.761     0.439     0.477        0.531     0.000    -0.847
     0.761     0.439     0.477        0.266     0.460    -0.847
     0.000     0.879     0.477        0.266     0.460    -0.847
     0.000     0.879     0.477       -0.266     0.460    -0.847
    -0.761     0.439     0.477       -0.266     0.460    -0.847
    -0.761     0.439     0.477       -0.531     0.000    -0.847
    -0.761    -0.439     0.477       -0.531     0.000    -0.847
    -0.761    -0.439     0.477       -0.266    -0.460    -0.847
     0.000    -0.879     0.477       -0.266    -0.460    -0.847
     0.000    -0.879     0.477        0.266    -0.460    -0.847
     0.761    -0.439     0.477       -0.091    -0.475    -0.875
     0.761    -0.439     0.477        0.531     0.000    -0.847

 **** CRYST TEXTURE (FIRST FEW LINES) ****
                                                                                
                                                                                
                                                                                
B    500                                                                        
135.00  90.00  325.00 0.002                                                     
135.00  90.00  325.00 0.002                                                     
135.00  90.00  325.00 0.002                                                     
135.00  90.00  325.00 0.002                                                     
135.00  90.00  325.00 0.002                                                     
135.00  90.00  325.00 0.002                                                     
    .........................
 **** END OF CRYST TEXTURE DATA FILE ****

IPH=  1  FIJPH     1.0000   0.0000   0.0000   0.0000   1.0000   0.0000   0.0000   0.0000   1.0000
         EIGNVAL   1.0000   1.0000   1.0000
         EIGNVEC   1.0000  -0.0000   0.0000   0.0000  -0.0000   1.0000   0.0000  -1.0000   0.0000

 **** CRYSTAL DATA FILE ****
*Material: Ti-6242 beta phase                                                   
CUBIC             crysym                                                        
   1.0   1.0   1.0    90.0   90.0   90.0  unit cell axes and angles             
Elastic stiffness for bcc ti at 300K [MPa] (from Rokhlin)                       
 135.0e3   113.0e3   113.0e3   0.0   0.0   0.0                                  
 113.0e3   113.0e3   113.0e3   0.0   0.0   0.0                                  
 113.0e3   135.0e3   135.0e3   0.0   0.0   0.0                                  
 0.0   0.0   0.0   54.9e3    000.0   0.0                                        
 0.0   0.0   0.0   0.0   54.9e3    0.0                                          
 0.0   0.0   0.0   0.0   0.0   54.9e3                                           
*Thermal expansion coefficients (single crystal in crystal axis):               
  0.0e-6   0.0e-6   0.0e-6   0.0e0   0.0e0   0.0e0                              
INFORMATION ABOUT SLIP AND TWIN SYSTEMS                                         
 3              nmodesx (total # of modes listed in the file)                   
 3              nmodes  (# of modes to be used in the calculation)              
 1   2   3      mode(i) (label of the modes to be used)                         
   {110}<111> SLIP                                                              
 1   12   1    0                    modex,nsmx,nrsx,isensex                     
    0    1    1     1    1   -1       slip (n-b)                                
    1    0    1     1    1   -1                                                 
    1   -1    0     1    1   -1                                                 
    0    1   -1     1   -1   -1                                                 
    1    0    1     1   -1   -1                                                 
    1    1    0     1   -1   -1                                                 
    0    1    1     1   -1    1                                                 
    1    0   -1     1   -1    1                                                 
    1    1    0     1   -1    1                                                 
    0    1   -1     1    1    1                                                 
    1    0   -1     1    1    1                                                 
    1   -1    0     1    1    1                                                 
   {112}<111> SLIP                                                              
 2   12   1    0                    modex,nsmx,nrsx,isensex                     
   -2    1   -1    -1   -1    1       slip (n-b)                                
    1   -2   -1    -1   -1    1                                                 
    1    1    2    -1   -1    1                                                 
   -2   -1   -1    -1    1    1                                                 
    1    2   -1    -1    1    1                                                 
    1   -1    2    -1    1    1                                                 
    2    1   -1     1   -1    1                                                 
   -1   -2   -1     1   -1    1                                                 
   -1    1    2     1   -1    1                                                 
    2   -1   -1     1    1    1                                                 
   -1    2   -1     1    1    1                                                 
   -1   -1    2     1    1    1                                                 
   {123}<111> SLIP                                                              
 3   24   1    0                    modex,nsmx,nrsx,isensex                     
   1    2    3     1    1   -1       slip (n-b)                                 
  -1    3    2     1    1   -1                                                  
   2    1    3     1    1   -1                                                  
  -2    3    1     1    1   -1                                                  
   3   -1    2     1    1   -1                                                  
   3   -2    1     1    1   -1                                                  
  -1    2   -3     1   -1   -1                                                  
   1    3   -2     1   -1   -1                                                  
   2   -1    3     1   -1   -1                                                  
   2    3   -1     1   -1   -1                                                  
   3    1    2     1   -1   -1                                                  
   3    2    1     1   -1   -1                                                  
   1   -2   -3     1   -1    1                                                  
   1    3    2     1   -1    1                                                  
   2   -1   -3     1   -1    1                                                  
   2    3    1     1   -1    1                                                  
   3    1   -2     1   -1    1                                                  
   3    2   -1     1   -1    1                                                  
   1    2   -3     1    1    1                                                  
   1   -3    2     1    1    1                                                  
   2    1   -3     1    1    1                                                  
   2   -3    1     1    1    1                                                  
  -3    1    2     1    1    1                                                  
  -3    2    1     1    1    1                                                  
*CONSTITUTIVE LAW**********************                                         
0     IHARDLAW                                                                  
1     IRATESENS                                                                 
50    GRSZE (ONLY MATTERS IF HPFAC IS NONZERO)                                  
{110}<111> SLIP*****************                                                
5     NRSX                                                                      
25            0            0            0            0   tau0,tau1,theta0,theta1
0.0   0.0   0.0        	       hlatx(1,im,iph),im=1,nmodes                      
{112}<111> SLIP*****************                                                
5    NRSX                                                                       
25            0            0            0            0   tau0,tau1,theta0,theta1
0.0   0.0   0.0        	       hlatx(1,im,iph),im=1,nmodes                      
{123}<111> SLIP*****************                                                
5    NRSX                                                                       
25            0            0            0            0   tau0,tau1,theta0,theta1
0.0   0.0   0.0        	       hlatx(1,im,iph),im=1,nmodes                      
**** END OF CRYSTAL DATA FILE ****


  N & B FOR MODE  1 IN PHASE  2
     0.000     0.707     0.707        0.577     0.577    -0.577
     0.707     0.000     0.707        0.577     0.577    -0.577
     0.707    -0.707     0.000        0.577     0.577    -0.577
     0.000     0.707    -0.707        0.577    -0.577    -0.577
     0.707     0.000     0.707        0.577    -0.577    -0.577
     0.707     0.707     0.000        0.577    -0.577    -0.577
     0.000     0.707     0.707        0.577    -0.577     0.577
     0.707     0.000    -0.707        0.577    -0.577     0.577
     0.707     0.707     0.000        0.577    -0.577     0.577
     0.000     0.707    -0.707        0.577     0.577     0.577
     0.707     0.000    -0.707        0.577     0.577     0.577
     0.707    -0.707     0.000        0.577     0.577     0.577
  N & B FOR MODE  2 IN PHASE  2
    -0.816     0.408    -0.408       -0.577    -0.577     0.577
     0.408    -0.816    -0.408       -0.577    -0.577     0.577
     0.408     0.408     0.816       -0.577    -0.577     0.577
    -0.816    -0.408    -0.408       -0.577     0.577     0.577
     0.408     0.816    -0.408       -0.577     0.577     0.577
     0.408    -0.408     0.816       -0.577     0.577     0.577
     0.816     0.408    -0.408        0.577    -0.577     0.577
    -0.408    -0.816    -0.408        0.577    -0.577     0.577
    -0.408     0.408     0.816        0.577    -0.577     0.577
     0.816    -0.408    -0.408        0.577     0.577     0.577
    -0.408     0.816    -0.408        0.577     0.577     0.577
    -0.408    -0.408     0.816        0.577     0.577     0.577
  N & B FOR MODE  3 IN PHASE  2
     0.267     0.535     0.802        0.577     0.577    -0.577
    -0.267     0.802     0.535        0.577     0.577    -0.577
     0.535     0.267     0.802        0.577     0.577    -0.577
    -0.535     0.802     0.267        0.577     0.577    -0.577
     0.802    -0.267     0.535        0.577     0.577    -0.577
     0.802    -0.535     0.267        0.577     0.577    -0.577
    -0.267     0.535    -0.802        0.577    -0.577    -0.577
     0.267     0.802    -0.535        0.577    -0.577    -0.577
     0.535    -0.267     0.802        0.577    -0.577    -0.577
     0.535     0.802    -0.267        0.577    -0.577    -0.577
     0.802     0.267     0.535        0.577    -0.577    -0.577
     0.802     0.535     0.267        0.577    -0.577    -0.577
     0.267    -0.535    -0.802        0.577    -0.577     0.577
     0.267     0.802     0.535        0.577    -0.577     0.577
     0.535    -0.267    -0.802        0.577    -0.577     0.577
     0.535     0.802     0.267        0.577    -0.577     0.577
     0.802     0.267    -0.535        0.577    -0.577     0.577
     0.802     0.535    -0.267        0.577    -0.577     0.577
     0.267     0.535    -0.802        0.577     0.577     0.577
     0.267    -0.802     0.535        0.577     0.577     0.577
     0.535     0.267    -0.802        0.577     0.577     0.577
     0.535    -0.802     0.267        0.577     0.577     0.577
    -0.802     0.267     0.535        0.577     0.577     0.577
    -0.802     0.535     0.267        0.577     0.577     0.577

 **** CRYST TEXTURE (FIRST FEW LINES) ****
                                                                                
                                                                                
                                                                                
B    500                                                                        
0.00 0.00 0.00 0.002                                                            
0.00 0.00 0.00 0.002                                                            
0.00 0.00 0.00 0.002                                                            
0.00 0.00 0.00 0.002                                                            
0.00 0.00 0.00 0.002                                                            
0.00 0.00 0.00 0.002                                                            
    .........................
 **** END OF CRYST TEXTURE DATA FILE ****

IPH=  2  FIJPH     1.0000   0.0000   0.0000   0.0000   1.0000   0.0000   0.0000   0.0000   1.0000
         EIGNVAL   1.0000   1.0000   1.0000
         EIGNVEC   1.0000  -0.0000   0.0000   0.0000  -0.0000   1.0000   0.0000  -1.0000   0.0000

 UB ELASTIC STIFFNESS (VOIGT NOTATION)
  0.1504E+06  0.6618E+05  0.7538E+05 -0.1920E-12  0.1512E-11  0.4538E+04
  0.6618E+05  0.1465E+06  0.7538E+05  0.1818E-11 -0.4980E-12  0.4538E+04
  0.7538E+05  0.7923E+05  0.1399E+06  0.4843E-12  0.6015E-12 -0.7838E+04
  0.2785E-11 -0.4447E-12  0.5668E-11  0.4292E+05  0.6868E+04 -0.3743E-13
 -0.6278E-11  0.3366E-11 -0.1721E-11  0.6868E+04  0.4292E+05  0.1463E-11
  0.4538E+04  0.4538E+04 -0.7838E+04  0.1188E-11  0.1633E-11  0.4842E+05


  ELASTIC ESHELBY TENSOR (VOIGT NOTATION)
     0.51072     0.04267     0.06736     0.00000    -0.00000     0.00569
     0.04808     0.49745     0.09696    -0.00000     0.00000     0.00646
     0.08390     0.10659     0.50032    -0.00000    -0.00000    -0.02818
    -0.00000    -0.00000    -0.00000     0.24303     0.02009     0.00000
    -0.00000    -0.00000    -0.00000     0.02015     0.24338    -0.00000
    -0.00415    -0.00345    -0.03849     0.00000    -0.00000     0.25935

SC ELASTIC STIFFNESS (VOIGT NOTATION)
  0.1456E+06  0.6905E+05  0.7520E+05  0.1951E-11 -0.2594E-11  0.4311E+04
  0.6905E+05  0.1365E+06  0.8044E+05  0.1262E-11  0.8789E-12  0.3925E+04
  0.7520E+05  0.8044E+05  0.1366E+06  0.3216E-11 -0.7289E-12 -0.7135E+04
  0.1951E-11  0.1262E-11  0.3216E-11  0.4249E+05  0.7238E+04  0.5433E-12
 -0.2594E-11  0.8789E-12 -0.7289E-12  0.7238E+04  0.4249E+05  0.1633E-11
  0.4311E+04  0.3925E+04 -0.7135E+04  0.5433E-12  0.1633E-11  0.4812E+05

SC ELASTIC COMPLIANCE (VOIGT NOTATION)
  0.1035E-04 -0.2756E-05 -0.4146E-05 -0.9103E-22  0.3498E-21 -0.6588E-06
 -0.2756E-05  0.1212E-04 -0.5705E-05  0.1524E-21 -0.2539E-21 -0.7939E-06
 -0.4146E-05 -0.5705E-05  0.1311E-04 -0.3423E-21  0.4977E-22  0.1390E-05
 -0.9103E-22  0.1524E-21 -0.3423E-21  0.6059E-05 -0.1032E-05 -0.6089E-22
  0.3498E-21 -0.2539E-21  0.4977E-22 -0.1032E-05  0.6060E-05 -0.1956E-21
 -0.6588E-06 -0.7939E-06  0.1390E-05 -0.6089E-22 -0.1956E-21  0.5360E-05
  EULER ANGLES OF PHASE before rotation   1
   180.000    90.000   180.000
  ELLIPSOID AXES OF PHASE before rotatn   1
     1.000     1.000     1.000
IPH=  1  FIJPH     0.0002   0.0000  -1.0000   0.0000   1.0000   0.0000   1.0000   0.0000   0.0002
         EIGNVAL   1.0000   1.0000   1.0000
         EIGNVEC   1.0000  -0.0000   0.0000   0.0000  -0.0000   1.0000   0.0000  -1.0000   0.0000
  EULER ANGLES OF PHASE after rotation   1
   180.000    90.000   180.000
  ELLIPSOID AXES OF PHASE after rotatn   1
     1.000     1.000     1.000
  EULER ANGLES OF PHASE before rotation   2
   180.000    90.000   180.000
  ELLIPSOID AXES OF PHASE before rotatn   2
     1.000     1.000     1.000
IPH=  2  FIJPH     0.0002   0.0000  -1.0000   0.0000   1.0000   0.0000   1.0000   0.0000   0.0002
         EIGNVAL   1.0000   1.0000   1.0000
         EIGNVEC   1.0000  -0.0000   0.0000   0.0000  -0.0000   1.0000   0.0000  -1.0000   0.0000
  EULER ANGLES OF PHASE after rotation   2
   180.000    90.000   180.000
  ELLIPSOID AXES OF PHASE after rotatn   2
     1.000     1.000     1.000

*** LOAD CONDITIONS FOR THIS RUN
40   3   0.025    982.0         nsteps  ictrl  eqincr  temp                     
* boundary conditions                                                           
    1       1       1           iudot    |    flag for vel.grad.                
    1       1       1                    |    (0:unknown-1:known)               
    1       1       1                    |                                      
                                         |                                      
   0.005    0.00     0.00        udot     |    vel.grad                         
   0.00    0.005     0.00                 |                                     
   0.00    0.00    -0.010                 |                                     
                                         |                                      
    0       0       0           iscau    |    flag for Cauchy                   
            0       0                    |                                      
                    0                    |                                      
                                         |                                      
    0.0     0.0     0.0         scauchy  |    Cauchy stress                     
            0.0     0.0                  |                                      
                    0.0                  @                                      

*******   STEP   1      *** NEFF=10 CALCULATION                

 xmctg after gr rate for grain  301
  0.1687E-03 -0.2471E-04 -0.5469E-04  0.2663E-05 -0.1986E-04
 -0.2471E-04  0.2375E-03 -0.1116E-04  0.1467E-04  0.4418E-05
 -0.5469E-04 -0.1116E-04  0.6966E-04 -0.1119E-04  0.8324E-05
  0.2663E-05  0.1467E-04 -0.1119E-04  0.5931E-04  0.1741E-04
 -0.1986E-04  0.4418E-05  0.8324E-05  0.1741E-04  0.7373E-04

 xmctg after gr rate for grain  302
  0.1687E-03 -0.2471E-04 -0.5469E-04  0.2663E-05 -0.1986E-04
 -0.2471E-04  0.2375E-03 -0.1116E-04  0.1467E-04  0.4418E-05
 -0.5469E-04 -0.1116E-04  0.6966E-04 -0.1119E-04  0.8324E-05
  0.2663E-05  0.1467E-04 -0.1119E-04  0.5931E-04  0.1741E-04
 -0.1986E-04  0.4418E-05  0.8324E-05  0.1741E-04  0.7373E-04

 xmctg after gr rate for grain  303
  0.1687E-03 -0.2471E-04 -0.5469E-04  0.2663E-05 -0.1986E-04
 -0.2471E-04  0.2375E-03 -0.1116E-04  0.1467E-04  0.4418E-05
 -0.5469E-04 -0.1116E-04  0.6966E-04 -0.1119E-04  0.8324E-05
  0.2663E-05  0.1467E-04 -0.1119E-04  0.5931E-04  0.1741E-04
 -0.1986E-04  0.4418E-05  0.8324E-05  0.1741E-04  0.7373E-04

 xmctg after gr rate for grain  304
  0.1687E-03 -0.2471E-04 -0.5469E-04  0.2663E-05 -0.1986E-04
 -0.2471E-04  0.2375E-03 -0.1116E-04  0.1467E-04  0.4418E-05
 -0.5469E-04 -0.1116E-04  0.6966E-04 -0.1119E-04  0.8324E-05
  0.2663E-05  0.1467E-04 -0.1119E-04  0.5931E-04  0.1741E-04
 -0.1986E-04  0.4418E-05  0.8324E-05  0.1741E-04  0.7373E-04

 xmctg after gr rate for grain  305
  0.1687E-03 -0.2471E-04 -0.5469E-04  0.2663E-05 -0.1986E-04
 -0.2471E-04  0.2375E-03 -0.1116E-04  0.1467E-04  0.4418E-05
 -0.5469E-04 -0.1116E-04  0.6966E-04 -0.1119E-04  0.8324E-05
  0.2663E-05  0.1467E-04 -0.1119E-04  0.5931E-04  0.1741E-04
 -0.1986E-04  0.4418E-05  0.8324E-05  0.1741E-04  0.7373E-04
IPH=  0  FIJPH     1.0125   0.0000   0.0000   0.0000   1.0125   0.0000   0.0000   0.0000   0.9750
         EIGNVAL   1.0125   1.0125   0.9750
         EIGNVEC   1.0000   0.0000   0.0000   0.0000   1.0000   0.0000   0.0000   0.0000   1.0000
IPH=  1  FIJPH    -0.0009  -0.0000  -1.0060   0.0013   1.0089  -0.0001   0.9851   0.0015   0.0013
         EIGNVAL   1.0061   1.0089   0.9850
         EIGNVEC   0.9985  -0.0201   0.0518   0.0231   0.9980  -0.0581  -0.0505   0.0592   0.9970
IPH=  2  FIJPH     0.0052   0.0002  -1.0431  -0.0063   1.0297   0.0002   0.9272  -0.0069  -0.0051
         EIGNVAL   1.0301   1.0433   0.9266
         EIGNVEC   0.0268  -0.9987  -0.0440   0.9977   0.0240   0.0637  -0.0626  -0.0456   0.9970

*******   STEP   2      *** NEFF=10 CALCULATION                
IPH=  0  FIJPH     1.0252   0.0000   0.0000   0.0000   1.0252   0.0000   0.0000   0.0000   0.9506
         EIGNVAL   1.0252   1.0252   0.9506
         EIGNVEC   1.0000   0.0000   0.0000   0.0000   1.0000   0.0000   0.0000   0.0000   1.0000
IPH=  1  FIJPH    -0.0020  -0.0001  -1.0119   0.0028   1.0176  -0.0001   0.9708   0.0029   0.0024
         EIGNVAL   1.0121   1.0177   0.9705
         EIGNVEC   0.9984  -0.0210   0.0527   0.0242   0.9979  -0.0608  -0.0513   0.0620   0.9968
IPH=  2  FIJPH     0.0103   0.0003  -1.0886  -0.0130   1.0614   0.0006   0.8583  -0.0135  -0.0102
         EIGNVAL   1.0623   1.0891   0.8570
         EIGNVEC   0.0295  -0.9986  -0.0439   0.9975   0.0266   0.0647  -0.0635  -0.0457   0.9969

*******   STEP   3      *** NEFF=10 CALCULATION                
IPH=  0  FIJPH     1.0380   0.0000   0.0000   0.0000   1.0380   0.0000   0.0000   0.0000   0.9269
         EIGNVAL   1.0380   1.0380   0.9269
         EIGNVEC   1.0000   0.0000   0.0000   0.0000   1.0000   0.0000   0.0000   0.0000   1.0000
IPH=  1  FIJPH    -0.0031  -0.0001  -1.0179   0.0044   1.0261  -0.0002   0.9570   0.0044   0.0034
         EIGNVAL   1.0180   1.0264   0.9565
         EIGNVEC   0.9983  -0.0215   0.0534   0.0248   0.9977  -0.0634  -0.0519   0.0646   0.9966
IPH=  2  FIJPH     0.0153   0.0004  -1.1365  -0.0202   1.0953   0.0010   0.7935  -0.0198  -0.0150
         EIGNVAL   1.0965   1.1372   0.7915
         EIGNVEC   0.0325  -0.9985  -0.0437   0.9974   0.0296   0.0656  -0.0642  -0.0457   0.9969

*******   STEP   4      *** NEFF=10 CALCULATION                
IPH=  0  FIJPH     1.0509   0.0000   0.0000   0.0000   1.0509   0.0000   0.0000   0.0000   0.9037
         EIGNVAL   1.0509   1.0509   0.9037
         EIGNVEC   1.0000   0.0000   0.0000   0.0000   1.0000   0.0000   0.0000   0.0000   1.0000
IPH=  1  FIJPH    -0.0043  -0.0001  -1.0238   0.0062   1.0346  -0.0002   0.9435   0.0059   0.0044
         EIGNVAL   1.0240   1.0350   0.9429
         EIGNVEC   0.9983  -0.0216   0.0539   0.0252   0.9975  -0.0658  -0.0523   0.0671   0.9964
IPH=  2  FIJPH     0.0205   0.0004  -1.1864  -0.0279   1.1311   0.0017   0.7331  -0.0259  -0.0195
         EIGNVAL   1.1328   1.1874   0.7304
         EIGNVEC   0.0360  -0.9984  -0.0434   0.9973   0.0331   0.0663  -0.0647  -0.0456   0.9969

*******   STEP   5      *** NEFF=10 CALCULATION                
IPH=  0  FIJPH     1.0641   0.0000   0.0000   0.0000   1.0641   0.0000   0.0000   0.0000   0.8811
         EIGNVAL   1.0641   1.0641   0.8811
         EIGNVEC   1.0000   0.0000   0.0000   0.0000   1.0000   0.0000   0.0000   0.0000   1.0000
IPH=  1  FIJPH    -0.0055  -0.0001  -1.0298   0.0081   1.0430  -0.0003   0.9303   0.0074   0.0054
         EIGNVAL   1.0301   1.0436   0.9295
         EIGNVEC   0.9983  -0.0215   0.0542   0.0252   0.9974  -0.0681  -0.0526   0.0693   0.9962
IPH=  2  FIJPH     0.0256   0.0004  -1.2383  -0.0360   1.1687   0.0024   0.6771  -0.0316  -0.0238
         EIGNVAL   1.1709   1.2395   0.6738
         EIGNVEC   0.0401  -0.9983  -0.0430   0.9971   0.0372   0.0668  -0.0651  -0.0455   0.9968

*******   STEP   6      *** NEFF=10 CALCULATION                
IPH=  0  FIJPH     1.0774   0.0000   0.0000   0.0000   1.0774   0.0000   0.0000   0.0000   0.8591
         EIGNVAL   1.0774   1.0774   0.8591
         EIGNVEC   1.0000   0.0000   0.0000   0.0000   1.0000   0.0000   0.0000   0.0000   1.0000
IPH=  1  FIJPH    -0.0067  -0.0001  -1.0360   0.0102   1.0515  -0.0004   0.9172   0.0089   0.0063
         EIGNVAL   1.0364   1.0521   0.9162
         EIGNVEC   0.9983  -0.0212   0.0542   0.0250   0.9972  -0.0701  -0.0526   0.0714   0.9961
IPH=  2  FIJPH     0.0308   0.0002  -1.2918  -0.0445   1.2080   0.0034   0.6257  -0.0369  -0.0277
         EIGNVAL   1.2107   1.2932   0.6217
         EIGNVEC   0.0446  -0.9981  -0.0425   0.9969   0.0417   0.0671  -0.0652  -0.0453   0.9968

*******   STEP   7      *** NEFF=10 CALCULATION                
IPH=  0  FIJPH     1.0909   0.0000   0.0000   0.0000   1.0909   0.0000   0.0000   0.0000   0.8376
         EIGNVAL   1.0909   1.0909   0.8376
         EIGNVEC   1.0000   0.0000   0.0000   0.0000   1.0000   0.0000   0.0000   0.0000   1.0000
IPH=  1  FIJPH    -0.0079  -0.0001  -1.0424   0.0125   1.0600  -0.0005   0.9042   0.0104   0.0072
         EIGNVAL   1.0429   1.0608   0.9029
         EIGNVEC   0.9983  -0.0207   0.0541   0.0246   0.9971  -0.0720  -0.0524   0.0732   0.9959
IPH=  2  FIJPH     0.0359  -0.0001  -1.3466  -0.0534   1.2489   0.0045   0.5788  -0.0419  -0.0314
         EIGNVAL   1.2520   1.3483   0.5740
         EIGNVEC   0.0496  -0.9979  -0.0419   0.9966   0.0467   0.0672  -0.0651  -0.0451   0.9969

*******   STEP   8      *** NEFF=10 CALCULATION                
IPH=  0  FIJPH     1.1045   0.0000   0.0000   0.0000   1.1045   0.0000   0.0000   0.0000   0.8167
         EIGNVAL   1.1045   1.1045   0.8167
         EIGNVEC   1.0000   0.0000   0.0000   0.0000   1.0000   0.0000   0.0000   0.0000   1.0000
IPH=  1  FIJPH    -0.0092  -0.0001  -1.0491   0.0149   1.0686  -0.0005   0.8911   0.0118   0.0081
         EIGNVAL   1.0496   1.0696   0.8897
         EIGNVEC   0.9984  -0.0201   0.0538   0.0240   0.9970  -0.0736  -0.0521   0.0748   0.9958
IPH=  2  FIJPH     0.0412  -0.0005  -1.4025  -0.0627   1.2909   0.0059   0.5361  -0.0465  -0.0347
         EIGNVAL   1.2946   1.4045   0.5306
         EIGNVEC   0.0549  -0.9976  -0.0413   0.9964   0.0520   0.0670  -0.0647  -0.0448   0.9969

*******   STEP   9      *** NEFF=10 CALCULATION                
IPH=  0  FIJPH     1.1183   0.0000   0.0000   0.0000   1.1183   0.0000   0.0000   0.0000   0.7962
         EIGNVAL   1.1183   1.1183   0.7962
         EIGNVEC   1.0000   0.0000   0.0000   0.0000   1.0000   0.0000   0.0000   0.0000   1.0000
IPH=  1  FIJPH    -0.0105  -0.0000  -1.0560   0.0174   1.0773  -0.0006   0.8780   0.0132   0.0088
         EIGNVAL   1.0566   1.0785   0.8763
         EIGNVEC   0.9984  -0.0195   0.0533   0.0235   0.9969  -0.0750  -0.0516   0.0761   0.9958
IPH=  2  FIJPH     0.0464  -0.0011  -1.4593  -0.0723   1.3340   0.0074   0.4974  -0.0507  -0.0377
         EIGNVAL   1.3382   1.4615   0.4912
         EIGNVEC   0.0604  -0.9973  -0.0406   0.9961   0.0576   0.0667  -0.0642  -0.0445   0.9969

*******   STEP  10      *** NEFF=10 CALCULATION                
IPH=  0  FIJPH     1.1323   0.0000   0.0000   0.0000   1.1323   0.0000   0.0000   0.0000   0.7763
         EIGNVAL   1.1323   1.1323   0.7763
         EIGNVEC   1.0000   0.0000   0.0000   0.0000   1.0000   0.0000   0.0000   0.0000   1.0000
IPH=  1  FIJPH    -0.0118   0.0000  -1.0633   0.0201   1.0863  -0.0007   0.8647   0.0146   0.0095
         EIGNVAL   1.0639   1.0877   0.8628
         EIGNVEC   0.9984  -0.0189   0.0526   0.0229   0.9968  -0.0762  -0.0510   0.0773   0.9957
IPH=  2  FIJPH     0.0516  -0.0017  -1.5165  -0.0822   1.3780   0.0092   0.4624  -0.0545  -0.0403
         EIGNVAL   1.3826   1.5191   0.4555
         EIGNVEC   0.0661  -0.9970  -0.0399   0.9958   0.0634   0.0662  -0.0634  -0.0441   0.9970

*******   STEP  11      *** NEFF=10 CALCULATION                
IPH=  0  FIJPH     1.1464   0.0000   0.0000   0.0000   1.1464   0.0000   0.0000   0.0000   0.7569
         EIGNVAL   1.1464   1.1464   0.7569
         EIGNVEC   1.0000   0.0000   0.0000   0.0000   1.0000   0.0000   0.0000   0.0000   1.0000
IPH=  1  FIJPH    -0.0131   0.0001  -1.0709   0.0230   1.0955  -0.0008   0.8513   0.0160   0.0102
         EIGNVAL   1.0715   1.0970   0.8492
         EIGNVEC   0.9985  -0.0184   0.0518   0.0224   0.9968  -0.0771  -0.0502   0.0781   0.9957
IPH=  2  FIJPH     0.0568  -0.0025  -1.5741  -0.0923   1.4226   0.0111   0.4309  -0.0579  -0.0427
         EIGNVAL   1.4277   1.5769   0.4233
         EIGNVEC   0.0719  -0.9966  -0.0391   0.9955   0.0692   0.0655  -0.0625  -0.0436   0.9971

*******   STEP  12      *** NEFF=10 CALCULATION                
IPH=  0  FIJPH     1.1608   0.0000   0.0000   0.0000   1.1608   0.0000   0.0000   0.0000   0.7380
         EIGNVAL   1.1608   1.1608   0.7380
         EIGNVEC   1.0000   0.0000   0.0000   0.0000   1.0000   0.0000   0.0000   0.0000   1.0000
IPH=  1  FIJPH    -0.0145   0.0001  -1.0789   0.0259   1.1049  -0.0009   0.8377   0.0173   0.0108
         EIGNVAL   1.0795   1.1067   0.8354
         EIGNVEC   0.9985  -0.0180   0.0509   0.0219   0.9967  -0.0777  -0.0493   0.0787   0.9957
